%YAML:1.0
calibration_time: "08/21/10 18:26:05"
image_count: 26
image_width: 1280
image_height: 720
board_width: 9
board_height: 7
square_size: 25.
flags: 0
camera_matrix: !!opencv-matrix
   rows: 3
   cols: 3
   dt: d
   data: [ 9.9060131782323072e+002, 0., 6.5378255574181446e+002, 0.,
       9.8911715187251082e+002, 3.6560730584659410e+002, 0., 0., 1. ]
distortion_coefficients: !!opencv-matrix
   rows: 1
   cols: 4
   dt: d
   data: [ 4.0139106122296875e-002, -6.8394841006635732e-002,
       -1.3496750512648592e-003, -1.7609488693476219e-004 ]
avg_reprojection_error: 3.5526814623775643e-001
per_view_reprojection_errors: !!opencv-matrix
   rows: 1
   cols: 26
   dt: d
   data: [ 3.2031928168402779e-001, 3.7312498546781991e-001,
       4.4596257285466268e-001, 2.6696971106150796e-001,
       2.9760233561197919e-001, 2.3715476384238590e-001,
       2.9677133711557541e-001, 3.8826364184182788e-001,
       2.5376189701140872e-001, 3.6630467006138395e-001,
       4.6229359460255454e-001, 6.4416979229639448e-001,
       3.3025905064174105e-001, 2.7092682369171628e-001,
       5.5398850213913686e-001, 2.6522064965868752e-001,
       3.0302283877418157e-001, 2.8483363560267855e-001,
       2.9585096571180558e-001, 3.3327157156808035e-001,
       3.3928722805447048e-001, 3.3064954243009054e-001,
       2.6863727872333831e-001, 7.7225880395798452e-001,
       2.6849450005425346e-001, 2.6757182772197419e-001 ]
