# Intrinsic parameters:
fx:	9.9060131782323072e+002
fy:	9.8911715187251082e+002
cx:	6.5378255574181446e+002
cy:	3.6560730584659410e+002

# Distortion parameters:
k1:	4.0139106122296875e-002
k2:	-6.8394841006635732e-002
k3:	0
p1:	-1.3496750512648592e-003
p2:	-1.7609488693476219e-004
