# Intrinsic parameters:
fx:	1.0008020175641720e+003
fy:	1.0017850584891435e+003
cx:	6.4769804293268828e+002
cy:	3.6553522392348458e+002

# Distortion parameters:
k1:	3.5735068023615112e-002
k2:	-6.6577564292997785e-002
k3:	0
p1:	-1.6806775039352319e-003
p2:	-2.3300760346560271e-003
