%YAML:1.0
calibration_time: "07/15/10 23:14:01"
image_count: 39
image_width: 640
image_height: 480
board_width: 9
board_height: 7
square_size: 25.
flags: 0
camera_matrix: !!opencv-matrix
   rows: 3
   cols: 3
   dt: d
   data: [ 5.7523950012589034e+002, 0., 3.2921622272690848e+002, 0.,
       5.7564866190749535e+002, 2.2837055347073371e+002, 0., 0., 1. ]
distortion_coefficients: !!opencv-matrix
   rows: 1
   cols: 4
   dt: d
   data: [ 5.0024449953093450e-002, -4.7116232009459094e-002,
       -3.5190217370075715e-003, 2.2909382253770787e-003 ]
avg_reprojection_error: 3.3262577957383105e-001
per_view_reprojection_errors: !!opencv-matrix
   rows: 1
   cols: 39
   dt: d
   data: [ 3.3918489728655132e-001, 2.5686015780009919e-001,
       2.6542833116319442e-001, 3.4897492423890131e-001,
       4.5965115986173116e-001, 4.4516148642888143e-001,
       3.4383396875290645e-001, 4.8599176558237228e-001,
       5.1824478876023061e-001, 6.5744109380812876e-001,
       3.6211243886796257e-001, 4.9633026123046875e-001,
       3.9965093703497023e-001, 2.3696899414062500e-001,
       3.6642795138888890e-001, 2.4887230282738096e-001,
       4.2869858514694942e-001, 2.7086578853546628e-001,
       2.4412669832744296e-001, 4.3823690263051834e-001,
       4.0949019174727180e-001, 2.9958282955109128e-001,
       3.0519733731708831e-001, 2.3728821769593253e-001,
       2.5912475585937500e-001, 2.9140411861359128e-001,
       2.8872256808810765e-001, 2.6489566621326266e-001,
       3.1987011621868799e-001, 2.7231561569940477e-001,
       3.9412053426106769e-001, 3.5294127085852245e-001,
       1.7504725380549355e-001, 1.8775213332403273e-001,
       2.4741000220889137e-001, 2.9258025638640872e-001,
       2.2634911915612599e-001, 2.9946560329861110e-001,
       2.3578437926277282e-001 ]
