# Intrinsic parameters:
fx:	5.7523950012589034e+002
fy:	5.7564866190749535e+002
cx:	3.2921622272690848e+002
cy:	2.2837055347073371e+002

# Distortion parameters:
k1:	5.0024449953093450e-002
k2:	-4.7116232009459094e-002
k3:	0
p1:	-3.5190217370075715e-003
p2:	2.2909382253770787e-003
